10
10
5.10119 161817 5991.12 48292.3 94643.3 49440.7 25663.8 88319.9 35644.1 108367  
163781 0.103776 148749 49219.6 11950.4 269305 292334 70549 48342.8 203323  
5819.72 147547 6.12801 57027.6 78453.1 28699.6 24508.3 54921.7 27071 155409  
49011.2 50318 58414.1 10.5696 31070.5 165471 142863 84578.2 16823 63796.2  
95125.8 12147.4 78423.2 29480.6 2.24046 167050 189411 28580.1 13857.4 181563  
48634.1 268333 27530.3 163931 167132 1.10549 16912.4 87005.9 96258.2 302695  
24675 291335 23865.8 142147 189899 17287.3 2.02889 135275 102419 213921  
89271.4 71223.3 54666.2 83377.9 28993.3 86869.3 135023 1.4072 27470 285089  
36421.7 48375.6 27500.2 16217.1 14230.6 96715.8 102802 27217.9 0.0559435 135768  
107475 202236 155711 64722.7 181515 301573 213383 282635 134477 4.11009  
